2.64665 0.29647 -0.47359 0.88074   #储物柜
-1.30311 0.26601 0.99080 0.13530   #毕老师座位
-3.14218 -0.58470 -0.70167 0.71250 #hy座位朝向华伟位置
-3.18659 -2.55986 -0.67957 0.73361 #角落位置风扇
-4.64285 -3.46041 0.99993 -0.01160 #焊接工作台
2.52126 -3.29957 -0.26963 0.96296  #冰箱
0.31000 -3.43216 -0.84323 0.53755  #书籍
-2.03843 -3.32869 0.99829 0.05853  #华伟椅子
2.50257 2.30204 -0.69959 0.71454   #进门口位置



-0.20482 -0.09068 0.39966 0.91666 #储物柜
2.64723 0.28173 0.24475 0.96959 #冰箱
3.41460 -1.94230 -0.45051 0.89277 #书
3.28450 -4.40169 -0.81951 0.57307 #风扇
3.686 -5.695 -0.608 0.794 #椅子

